0.000000 0.000000 0.051151
0.025000 0.000000 0.053978
0.050000 0.000000 0.057500
0.075000 0.000000 0.060516
0.100000 0.000000 0.063803
0.125000 0.000000 0.067803
0.150000 0.000000 0.070721
0.175000 0.000000 0.074839
0.200000 0.000000 0.077663
0.225000 0.000000 0.081480
0.250000 0.000000 0.086550
0.275000 0.000000 0.090709
0.300000 0.000000 0.093453

0.000000 0.025000 0.052488
0.025000 0.025000 0.055007
0.050000 0.025000 0.058016
0.075000 0.025000 0.062098
0.100000 0.025000 0.063745
0.125000 0.025000 0.068344
0.150000 0.025000 0.072321
0.175000 0.025000 0.075398
0.200000 0.025000 0.079819
0.225000 0.025000 0.082526
0.250000 0.025000 0.088527
0.275000 0.025000 0.092194
0.300000 0.025000 0.096390

0.000000 0.050000 0.052424
0.025000 0.050000 0.056294
0.050000 0.050000 0.058560
0.075000 0.050000 0.062852
0.100000 0.050000 0.065381
0.125000 0.050000 0.070082
0.150000 0.050000 0.073478
0.175000 0.050000 0.078172
0.200000 0.050000 0.080920
0.225000 0.050000 0.086534
0.250000 0.050000 0.091704
0.275000 0.050000 0.097218
0.300000 0.050000 0.100569

0.000000 0.075000 0.053511
0.025000 0.075000 0.056457
0.050000 0.075000 0.059598
0.075000 0.075000 0.063425
0.100000 0.075000 0.067369
0.125000 0.075000 0.071645
0.150000 0.075000 0.077654
0.175000 0.075000 0.081051
0.200000 0.075000 0.084191
0.225000 0.075000 0.090908
0.250000 0.075000 0.096141
0.275000 0.075000 0.100504
0.300000 0.075000 0.105785

0.000000 0.100000 0.054618
0.025000 0.100000 0.056543
0.050000 0.100000 0.061603
0.075000 0.100000 0.064396
0.100000 0.100000 0.069133
0.125000 0.100000 0.075264
0.150000 0.100000 0.079288
0.175000 0.100000 0.083510
0.200000 0.100000 0.091056
0.225000 0.100000 0.095196
0.250000 0.100000 0.101137
0.275000 0.100000 0.111393
0.300000 0.100000 0.115520

0.000000 0.125000 0.053398
0.025000 0.125000 0.058857
0.050000 0.125000 0.061852
0.075000 0.125000 0.066479
0.100000 0.125000 0.069469
0.125000 0.125000 0.076235
0.150000 0.125000 0.081608
0.175000 0.125000 0.088917
0.200000 0.125000 0.097256
0.225000 0.125000 0.102298
0.250000 0.125000 0.110351
0.275000 0.125000 0.119085
0.300000 0.125000 0.129448

0.000000 0.150000 0.054793
0.025000 0.150000 0.058965
0.050000 0.150000 0.063558
0.075000 0.150000 0.068816
0.100000 0.150000 0.073422
0.125000 0.150000 0.078344
0.150000 0.150000 0.085598
0.175000 0.150000 0.092380
0.200000 0.150000 0.099264
0.225000 0.150000 0.108862
0.250000 0.150000 0.120292
0.275000 0.150000 0.132740
0.300000 0.150000 0.150685

0.000000 0.175000 0.056281
0.025000 0.175000 0.059595
0.050000 0.175000 0.064385
0.075000 0.175000 0.069967
0.100000 0.175000 0.074018
0.125000 0.175000 0.081283
0.150000 0.175000 0.087786
0.175000 0.175000 0.097163
0.200000 0.175000 0.107950
0.225000 0.175000 0.118547
0.250000 0.175000 0.134383
0.275000 0.175000 0.148966
0.300000 0.175000 0.186111

0.000000 0.200000 0.057126
0.025000 0.200000 0.063077
0.050000 0.200000 0.066170
0.075000 0.200000 0.070841
0.100000 0.200000 0.076804
0.125000 0.200000 0.085422
0.150000 0.200000 0.093182
0.175000 0.200000 0.103336
0.200000 0.200000 0.116866
0.225000 0.200000 0.131029
0.250000 0.200000 0.147515
0.275000 0.200000 0.193851
0.300000 0.200000 0.152250

0.000000 0.225000 0.058688
0.025000 0.225000 0.064306
0.050000 0.225000 0.068269
0.075000 0.225000 0.073362
0.100000 0.225000 0.081485
0.125000 0.225000 0.090227
0.150000 0.225000 0.099439
0.175000 0.225000 0.110351
0.200000 0.225000 0.125188
0.225000 0.225000 0.147916
0.250000 0.225000 0.173380
0.275000 0.225000 0.108081
0.300000 0.225000 0.050113

0.000000 0.250000 0.061869
0.025000 0.250000 0.065925
0.050000 0.250000 0.070111
0.075000 0.250000 0.075432
0.100000 0.250000 0.085853
0.125000 0.250000 0.093447
0.150000 0.250000 0.105744
0.175000 0.250000 0.117693
0.200000 0.250000 0.136104
0.225000 0.250000 0.157575
0.250000 0.250000 0.082509
0.275000 0.250000 0.033978
0.300000 0.250000 0.035712

0.000000 0.275000 0.063926
0.025000 0.275000 0.069944
0.050000 0.275000 0.074948
0.075000 0.275000 0.080142
0.100000 0.275000 0.087196
0.125000 0.275000 0.096378
0.150000 0.275000 0.108939
0.175000 0.275000 0.119553
0.200000 0.275000 0.122079
0.225000 0.275000 0.067701
0.250000 0.275000 0.026406
0.275000 0.275000 0.027056
0.300000 0.275000 0.046178

0.000000 0.300000 0.066328
0.025000 0.300000 0.069314
0.050000 0.300000 0.074464
0.075000 0.300000 0.081782
0.100000 0.300000 0.088519
0.125000 0.300000 0.095648
0.150000 0.300000 0.099229
0.175000 0.300000 0.102422
0.200000 0.300000 0.058321
0.225000 0.300000 0.028572
0.250000 0.300000 0.029720
0.275000 0.300000 0.052234
0.300000 0.300000 0.087690

